2635,RTLNAWVKV,swapped_1800,5,0.30673376,0.0
5191,GLCTLVAML,10x,5,0.15241322,0.0
2695,GILGFVFTL,positive,5,0.9812108,1.0
5981,GILGFVFTL,positive,5,0.2965257,1.0
1093,GILGFVFTL,10x,5,0.40878975,0.0
3802,GILGFVFTL,10x,5,0.2941307,0.0
2260,GILGFVFTL,10x,5,0.15999295,0.0
171,MLDLQPETT,positive,5,0.42029628,1.0
2372,LLFGYPVYV,10x,5,0.4440768,0.0
1944,GILGFVFTL,10x,5,0.51002234,0.0
6436,GILGFVFTL,10x,5,0.109336436,0.0
169,NLVPMVATV,positive,5,0.37924802,1.0
3932,GILGFVFTL,swapped_2876,5,0.20936313,0.0
3569,GILGFVFTL,10x,5,0.6314708,0.0
5693,GLCTLVAML,swapped_4205,5,0.0534807,0.0
6101,GILGFVFTL,10x,5,0.3405874,0.0
931,MLDLQPETT,10x,5,0.43418682,0.0
4003,GLCTLVAML,swapped_2884,5,0.013482684,0.0
2958,GLCTLVAML,positive,5,0.42077503,1.0
3022,GILGFVFTL,positive,5,0.24143253,1.0
3369,NLVPMVATV,10x,5,0.16081795,0.0
4706,GILGFVFTL,10x,5,0.12266516,0.0
3671,GILGFVFTL,10x,5,0.15173937,0.0
2114,GILGFVFTL,10x,5,0.8967888,0.0
4905,GILGFVFTL,10x,5,0.14568275,0.0
5178,GILGFVFTL,10x,5,0.0795101,0.0
5989,GLCTLVAML,positive,5,0.19902359,1.0
330,LLFGYPVYV,positive,5,0.39566532,1.0
4365,GILGFVFTL,positive,5,0.16145138,1.0
186,FLYALALLL,positive,5,0.6825129,1.0
2162,GILGFVFTL,10x,5,0.77306294,0.0
3719,GILGFVFTL,10x,5,0.11534751,0.0
5192,GILGFVFTL,10x,5,0.18773623,0.0
5403,GLCTLVAML,swapped_4277,5,9.0933345e-06,0.0
5295,GILGFVFTL,10x,5,0.09742373,0.0
6715,GLCTLVAML,swapped_5990,5,7.834123e-05,0.0
690,SLFNTVATL,10x,5,0.11907009,0.0
4862,GLCTLVAML,10x,5,0.07896852,0.0
2691,NLVPMVATV,swapped_1600,5,0.43922216,0.0
5731,GILGFVFTL,positive,5,0.9974533,1.0
6151,GILGFVFTL,10x,5,0.14042507,0.0
2155,GILGFVFTL,10x,5,0.09290259,0.0
187,GILGFVFTL,positive,5,0.9987696,1.0
1204,GILGFVFTL,swapped_190,5,0.117431216,0.0
6147,GILGFVFTL,10x,5,0.37009057,0.0
6612,GLCTLVAML,swapped_5875,5,0.0019149948,0.0
2407,RTLNAWVKV,swapped_1677,5,0.10132189,0.0
963,RTLNAWVKV,10x,5,0.4349213,0.0
3622,GILGFVFTL,10x,5,0.25589967,0.0
3524,GILGFVFTL,10x,5,0.16921763,0.0
751,GILGFVFTL,10x,5,0.10993995,0.0
4005,NLVPMVATV,swapped_3044,5,4.08892e-05,0.0
2592,RTLNAWVKV,swapped_1713,5,0.20839626,0.0
2319,NLVPMVATV,10x,5,0.42828116,0.0
1298,KVLEYVIKV,swapped_268,5,0.35003144,0.0
2683,FLYALALLL,swapped_1693,5,2.9155197e-05,0.0
1291,KTWGQYWQV,swapped_49,5,0.44251516,0.0
6575,GILGFVFTL,10x,5,0.24508287,0.0
1087,GILGFVFTL,10x,5,0.22294508,0.0
289,GILGFVFTL,positive,5,0.99999523,1.0
1381,NLVPMVATV,swapped_289,5,9.1498536e-05,0.0
1242,RTLNAWVKV,swapped_89,5,0.00930562,0.0
5292,GILGFVFTL,10x,5,0.2540266,0.0
6904,GILGFVFTL,swapped_5737,5,0.02494723,0.0
3701,GILGFVFTL,10x,5,0.2557949,0.0
2525,RMFPNAPYL,swapped_1595,5,0.4326985,0.0
5748,GILGFVFTL,positive,5,0.9464729,1.0
5650,NLVPMVATV,swapped_4499,5,0.00017363997,0.0
531,NLVPMVATV,10x,5,0.45045534,0.0
646,GILGFVFTL,10x,5,0.06375624,0.0
1056,GLCTLVAML,10x,5,0.16307878,0.0
613,GILGFVFTL,10x,5,0.15129049,0.0
5231,GLCTLVAML,10x,5,0.85420734,0.0
2938,GILGFVFTL,positive,5,0.9989598,1.0
6660,GILGFVFTL,swapped_5790,5,0.055539317,0.0
4841,GILGFVFTL,10x,5,0.2266021,0.0
6345,GLCTLVAML,10x,5,0.51257855,0.0
6657,NLVPMVATV,swapped_5981,5,0.3761282,0.0
830,GILGFVFTL,10x,5,0.13779452,0.0
1085,NLVPMVATV,10x,5,0.43979475,0.0
5868,GILGFVFTL,positive,5,0.85503393,1.0
2446,GILGFVFTL,swapped_1552,5,0.017876739,0.0
6773,NLVPMVATV,swapped_5871,5,0.00021729959,0.0
4342,GLCTLVAML,positive,5,0.9411665,1.0
5790,FLYALALLL,positive,5,0.905112,1.0
2817,GILGFVFTL,positive,5,0.9999926,1.0
3332,GILGFVFTL,10x,5,0.23015484,0.0
4336,GILGFVFTL,positive,5,0.99933344,1.0
3941,GLCTLVAML,swapped_2789,5,0.023059012,0.0
251,RMFPNAPYL,positive,5,0.4313396,1.0
3892,GLCTLVAML,swapped_2793,5,1.0516506e-05,0.0
6400,GILGFVFTL,10x,5,0.22337565,0.0
872,GILGFVFTL,10x,5,0.19337048,0.0
3870,LLFGYPVYV,swapped_2916,5,0.00021710368,0.0
6320,GILGFVFTL,10x,5,0.12911679,0.0
2296,GLCTLVAML,10x,5,0.082125284,0.0
2361,GILGFVFTL,10x,5,0.1304839,0.0
6455,GILGFVFTL,10x,5,0.112906784,0.0
2973,GILGFVFTL,positive,5,0.99998224,1.0
2348,GILGFVFTL,10x,5,0.13487653,0.0
5086,GILGFVFTL,10x,5,0.91973597,0.0
3869,NLVPMVATV,swapped_2989,5,0.00018303626,0.0
1964,GILGFVFTL,10x,5,0.24333383,0.0
6124,GILGFVFTL,10x,5,0.36982387,0.0
3181,GILGFVFTL,10x,5,0.16683395,0.0
5614,GILGFVFTL,swapped_4439,5,0.26250604,0.0
3271,GILGFVFTL,10x,5,0.17431338,0.0
2274,GILGFVFTL,10x,5,0.5655967,0.0
4390,GILGFVFTL,positive,5,0.94123125,1.0
1039,NLVPMVATV,10x,5,0.013281521,0.0
2533,GILGFVFTL,swapped_1689,5,0.26738912,0.0
915,GILGFVFTL,10x,5,0.39999688,0.0
3096,GILGFVFTL,10x,5,0.18240184,0.0
73,KVLEYVIKV,positive,5,0.4416483,1.0
6465,GLCTLVAML,10x,5,0.096788965,0.0
5197,GILGFVFTL,10x,5,0.12076462,0.0
6398,NLVPMVATV,10x,5,0.316373,0.0
3486,GILGFVFTL,10x,5,0.12791687,0.0
1179,GILGFVFTL,swapped_132,5,0.22871262,0.0
6802,MLDLQPETT,swapped_5979,5,0.00019013973,0.0
191,GILGFVFTL,positive,5,0.7843842,1.0
1854,NLVPMVATV,10x,5,0.38215503,0.0
2232,NLVPMVATV,10x,5,0.33811796,0.0
2060,GLCTLVAML,10x,5,0.51461005,0.0
6905,RMFPNAPYL,swapped_5902,5,0.008204248,0.0
1225,LLFGYPVYV,swapped_41,5,0.0019124637,0.0
6764,FLYALALLL,swapped_5860,5,0.02665239,0.0
1700,GILGFVFTL,positive,5,0.9941288,1.0
3837,NLVPMVATV,swapped_2974,5,0.25152284,0.0
6510,GLCTLVAML,10x,5,0.005286795,0.0
460,GLCTLVAML,10x,5,0.14030887,0.0
6082,GILGFVFTL,10x,5,0.11433828,0.0
854,GLCTLVAML,10x,5,0.37084377,0.0
5151,GILGFVFTL,10x,5,0.19460477,0.0
4130,NLVPMVATV,swapped_2761,5,0.0007258872,0.0
4463,GILGFVFTL,positive,5,0.9995121,1.0
4178,GILGFVFTL,positive,5,0.6092762,1.0
348,GILGFVFTL,positive,5,0.22842056,1.0
3308,GILGFVFTL,10x,5,0.24830112,0.0
160,GILGFVFTL,positive,5,0.9999844,1.0
58,GILGFVFTL,positive,5,0.22274171,1.0
5436,IMDQVPFSV,swapped_4374,5,0.0038087617,0.0
886,GILGFVFTL,10x,5,0.10878865,0.0
1215,NLVPMVATV,swapped_257,5,0.107351,0.0
397,RMFPNAPYL,10x,5,0.43694207,0.0
6366,GILGFVFTL,10x,5,0.19108322,0.0
5945,GILGFVFTL,positive,5,0.99492633,1.0
35,GILGFVFTL,positive,5,0.5063809,1.0
6531,GILGFVFTL,10x,5,0.44879135,0.0
2859,GILGFVFTL,positive,5,0.98377496,1.0
1900,NLVPMVATV,10x,5,0.41873106,0.0
6576,FLYALALLL,10x,5,0.09521406,0.0
3930,GLCTLVAML,swapped_2807,5,0.21024336,0.0
2823,GILGFVFTL,positive,5,0.9999442,1.0
2830,GILGFVFTL,positive,5,0.42202058,1.0
2511,GLCTLVAML,swapped_1672,5,0.00094217376,0.0
3219,GILGFVFTL,10x,5,0.8589705,0.0
60,GILGFVFTL,positive,5,0.9961118,1.0
5527,GLCTLVAML,swapped_4186,5,0.27029884,0.0
2070,GILGFVFTL,10x,5,0.16833562,0.0
6166,GILGFVFTL,10x,5,0.3780969,0.0
6148,GILGFVFTL,10x,5,0.14931309,0.0
6149,GILGFVFTL,10x,5,0.12792687,0.0
1465,GLCTLVAML,swapped_35,5,0.09087518,0.0
3983,KVLEYVIKV,swapped_2888,5,0.25088778,0.0
936,GILGFVFTL,10x,5,0.23485813,0.0
1169,RTLNAWVKV,swapped_47,5,0.42040372,0.0
2828,FLYALALLL,positive,5,0.13452145,1.0
5543,RTLNAWVKV,swapped_4257,5,0.1178972,0.0
1253,FLYALALLL,swapped_247,5,0.00059869647,0.0
6796,GILGFVFTL,swapped_5989,5,0.20324966,0.0
1153,NLVPMVATV,swapped_133,5,0.023839118,0.0
2451,KTWGQYWQV,swapped_1720,5,0.25405958,0.0
5680,GLCTLVAML,swapped_4522,5,0.0003032112,0.0
5181,GILGFVFTL,10x,5,0.11500918,0.0
1131,GILGFVFTL,10x,5,0.10355852,0.0
4670,GILGFVFTL,10x,5,0.81838083,0.0
2989,GILGFVFTL,positive,5,0.9999945,1.0
4267,GILGFVFTL,positive,5,0.9999825,1.0
1337,GILGFVFTL,swapped_156,5,0.80921084,0.0
1147,GILGFVFTL,swapped_22,5,0.029055458,0.0
1726,GILGFVFTL,positive,5,0.13139318,1.0
4424,GILGFVFTL,positive,5,0.9990584,1.0
4118,GLCTLVAML,swapped_2866,5,0.1357634,0.0
3410,GLCTLVAML,10x,5,0.034927677,0.0
49,GLCTLVAML,positive,5,0.29910272,1.0
754,GILGFVFTL,10x,5,0.24940217,0.0
6309,GLCTLVAML,10x,5,0.25461963,0.0
3576,GILGFVFTL,10x,5,0.16079494,0.0
3826,GLCTLVAML,swapped_2701,5,2.1770315e-05,0.0
2549,GILGFVFTL,swapped_1770,5,0.21422425,0.0
736,GILGFVFTL,10x,5,0.20519018,0.0
1809,GLCTLVAML,positive,5,0.71812546,1.0
1176,RTLNAWVKV,swapped_242,5,0.0043927245,0.0
2869,GLCTLVAML,positive,5,0.5980286,1.0
3581,NLVPMVATV,10x,5,0.31982428,0.0
6316,GILGFVFTL,10x,5,0.09169908,0.0
6339,GILGFVFTL,10x,5,0.12574752,0.0
6274,GILGFVFTL,10x,5,0.13357617,0.0
4858,GILGFVFTL,10x,5,0.115641505,0.0
6402,GILGFVFTL,10x,5,0.53375256,0.0
3084,GLCTLVAML,10x,5,0.29027438,0.0
268,GILGFVFTL,positive,5,0.544851,1.0
518,NLVPMVATV,10x,5,0.2083202,0.0
103,GILGFVFTL,positive,5,0.9991026,1.0
5424,NLVPMVATV,swapped_4267,5,9.968163e-05,0.0
2094,GLCTLVAML,10x,5,0.17698283,0.0
5728,KTWGQYWQV,positive,5,0.4404279,1.0
4502,GILGFVFTL,positive,5,0.99997675,1.0
6445,GILGFVFTL,10x,5,0.21672305,0.0
2309,GILGFVFTL,10x,5,0.4108645,0.0
1625,GILGFVFTL,positive,5,0.6083524,1.0
2505,NLVPMVATV,swapped_1690,5,0.40368238,0.0
807,GILGFVFTL,10x,5,0.13007574,0.0
462,GILGFVFTL,10x,5,0.2614043,0.0
6874,GILGFVFTL,swapped_5970,5,0.10293404,0.0
5105,GILGFVFTL,10x,5,0.19982351,0.0
5028,GILGFVFTL,10x,5,0.1615598,0.0
1399,GLCTLVAML,swapped_151,5,0.00081128476,0.0
634,GILGFVFTL,10x,5,0.096945524,0.0
4090,GLCTLVAML,swapped_3019,5,1.437898e-05,0.0
734,SLLMWITQV,10x,5,0.42174155,0.0
2494,GILGFVFTL,swapped_1592,5,0.030503567,0.0
3692,GILGFVFTL,10x,5,0.25986966,0.0
5418,NLVPMVATV,swapped_4521,5,0.0015284533,0.0
2808,GILGFVFTL,positive,5,0.9788916,1.0
3044,GILGFVFTL,positive,5,0.9999945,1.0
323,GILGFVFTL,positive,5,0.38497716,1.0
3995,NLVPMVATV,swapped_3055,5,2.7552687e-05,0.0
1720,GILGFVFTL,positive,5,0.83699745,1.0
1930,NLVPMVATV,10x,5,0.44414198,0.0
6635,GILGFVFTL,swapped_5740,5,0.24977508,0.0
2898,SLFNTVATL,positive,5,0.46749943,1.0
2945,GILGFVFTL,positive,5,0.73542684,1.0
5674,GILGFVFTL,swapped_4451,5,0.22559433,0.0
1766,GILGFVFTL,positive,5,0.9993599,1.0
1276,GLCTLVAML,swapped_155,5,3.047266e-05,0.0
5369,GLCTLVAML,swapped_4185,5,0.0007249221,0.0
4316,GILGFVFTL,positive,5,0.122178175,1.0
193,GILGFVFTL,positive,5,0.9986663,1.0
463,GILGFVFTL,10x,5,0.13704614,0.0
2209,NLVPMVATV,10x,5,0.4382466,0.0
1214,NLVPMVATV,swapped_241,5,0.00023289924,0.0
4277,GILGFVFTL,positive,5,0.9999974,1.0
107,GILGFVFTL,positive,5,0.9997242,1.0
1522,LLFGYPVYV,swapped_186,5,0.44991863,0.0
5385,GILGFVFTL,swapped_4199,5,0.09945208,0.0
2977,GILGFVFTL,positive,5,0.9999975,1.0
5465,NLVPMVATV,swapped_4328,5,0.21592022,0.0
5668,GLCTLVAML,swapped_4381,5,4.8662532e-05,0.0
1272,GLCTLVAML,swapped_309,5,1.9002353e-05,0.0
96,GILGFVFTL,positive,5,0.50596595,1.0
3685,GILGFVFTL,10x,5,0.92694175,0.0
849,GILGFVFTL,10x,5,0.15735249,0.0
4932,GILGFVFTL,10x,5,0.248864,0.0
3039,GILGFVFTL,positive,5,0.9989711,1.0
6632,NLVPMVATV,swapped_5795,5,3.27707e-05,0.0
6083,GILGFVFTL,10x,5,0.13536243,0.0
2895,GILGFVFTL,positive,5,0.9999763,1.0
349,GILGFVFTL,positive,5,0.34851176,1.0
1713,GILGFVFTL,positive,5,0.9159969,1.0
2282,GLCTLVAML,10x,5,0.78728986,0.0
5288,GILGFVFTL,10x,5,0.043469165,0.0
3884,NLVPMVATV,swapped_2992,5,0.005178438,0.0
55,GLCTLVAML,positive,5,0.87910193,1.0
925,NLVPMVATV,10x,5,0.10674132,0.0
6788,LLFGYPVYV,swapped_6004,5,0.29018426,0.0
4944,GILGFVFTL,10x,5,0.25367373,0.0
100,GILGFVFTL,positive,5,0.9993243,1.0
1876,GILGFVFTL,10x,5,0.1305638,0.0
5276,GILGFVFTL,10x,5,0.23385133,0.0
2231,RTLNAWVKV,10x,5,0.44012925,0.0
4165,NLVPMVATV,swapped_2823,5,0.00010425995,0.0
3157,GILGFVFTL,10x,5,0.25142288,0.0
1679,GILGFVFTL,positive,5,0.9961009,1.0
4627,GILGFVFTL,10x,5,0.25280154,0.0
3261,GILGFVFTL,10x,5,0.26013088,0.0
4397,GILGFVFTL,positive,5,0.99291044,1.0
263,GILGFVFTL,positive,5,0.97679025,1.0
1966,GILGFVFTL,10x,5,0.73248965,0.0
4850,GILGFVFTL,10x,5,0.11425284,0.0
5215,MLDLQPETT,10x,5,0.4408725,0.0
6611,FLYALALLL,swapped_5974,5,0.054367613,0.0
4749,GILGFVFTL,10x,5,0.18067554,0.0
3240,GILGFVFTL,10x,5,0.23154235,0.0
2377,SLFNTVATL,10x,5,0.06706243,0.0
3586,GLCTLVAML,10x,5,0.1884571,0.0
5630,GLCTLVAML,swapped_4215,5,0.0010771531,0.0
6169,GILGFVFTL,10x,5,0.35775608,0.0
4536,FLYALALLL,positive,5,0.9377595,1.0
1838,NLVPMVATV,10x,5,0.14527895,0.0
5970,NLVPMVATV,positive,5,0.4409127,1.0
1379,LLFGYPVYV,swapped_341,5,0.44745553,0.0
1138,NLVPMVATV,10x,5,0.4445886,0.0
3420,GLCTLVAML,10x,5,0.2271661,0.0
1208,GLCTLVAML,swapped_217,5,0.013470119,0.0
5308,NLVPMVATV,10x,5,0.43300512,0.0
3603,GILGFVFTL,10x,5,0.09481244,0.0
2236,YLLEMLWRL,10x,5,0.28829637,0.0
150,GILGFVFTL,positive,5,0.99998856,1.0
5760,GILGFVFTL,positive,5,0.9997234,1.0
2646,NLVPMVATV,swapped_1625,5,0.3473437,0.0
3376,GILGFVFTL,10x,5,0.4647073,0.0
795,GLCTLVAML,10x,5,0.20869252,0.0
6854,GLCTLVAML,swapped_5935,5,0.02099061,0.0
1164,GLCTLVAML,swapped_42,5,8.6010325e-05,0.0
5026,GILGFVFTL,10x,5,0.25600973,0.0
1010,GILGFVFTL,10x,5,0.08141697,0.0
542,GILGFVFTL,10x,5,0.23386791,0.0
5660,GILGFVFTL,swapped_4535,5,0.05706779,0.0
331,GILGFVFTL,positive,5,0.9976768,1.0
3887,SLFNTVATL,swapped_2860,5,3.0693354e-05,0.0
4439,GLCTLVAML,positive,5,0.6256372,1.0
2518,GILGFVFTL,swapped_1809,5,0.12474924,0.0
3112,NLVPMVATV,10x,5,0.2114163,0.0
3355,GILGFVFTL,10x,5,0.32284525,0.0
1354,GILGFVFTL,swapped_166,5,0.20951816,0.0
4853,GILGFVFTL,10x,5,0.96352583,0.0
4201,GILGFVFTL,positive,5,0.13758756,1.0
3901,MLDLQPETT,swapped_2832,5,0.0001099601,0.0
2036,RTLNAWVKV,10x,5,0.13131382,0.0
6812,GLCTLVAML,swapped_5748,5,0.027997198,0.0
6670,NLVPMVATV,swapped_5946,5,0.14226308,0.0
41,GILGFVFTL,positive,5,0.9999529,1.0
5229,GILGFVFTL,10x,5,0.15016684,0.0
987,NLVPMVATV,10x,5,0.35536823,0.0
3116,GILGFVFTL,10x,5,0.5662603,0.0
6243,GILGFVFTL,10x,5,0.111764416,0.0
4921,GILGFVFTL,10x,5,0.79336274,0.0
6719,GILGFVFTL,swapped_5878,5,0.12341976,0.0
6034,GLCTLVAML,10x,5,0.25589973,0.0
293,GILGFVFTL,positive,5,0.9999974,1.0
1243,RTLNAWVKV,swapped_320,5,0.0051191295,0.0
1020,GILGFVFTL,10x,5,0.09515779,0.0
4315,GILGFVFTL,positive,5,0.91023904,1.0
5588,GILGFVFTL,swapped_4427,5,0.18496008,0.0
6335,GILGFVFTL,10x,5,0.1421573,0.0
2501,GLCTLVAML,swapped_1671,5,0.027143093,0.0
3386,GLCTLVAML,10x,5,0.45761028,0.0
1884,GILGFVFTL,10x,5,0.1685464,0.0
3200,GILGFVFTL,10x,5,0.13323219,0.0
1198,LLFGYPVYV,swapped_191,5,0.18125437,0.0
290,GILGFVFTL,positive,5,0.99948716,1.0
336,GILGFVFTL,positive,5,0.9999927,1.0
4243,GILGFVFTL,positive,5,0.9999976,1.0
3598,GILGFVFTL,10x,5,0.10682797,0.0
3345,GLCTLVAML,10x,5,0.07387546,0.0
4321,GILGFVFTL,positive,5,0.99999416,1.0
2689,GLCTLVAML,swapped_1749,5,0.033474155,0.0
3250,GLCTLVAML,10x,5,0.009534767,0.0
1778,GILGFVFTL,positive,5,0.9989722,1.0
5946,GILGFVFTL,positive,5,0.95398474,1.0
1084,IMDQVPFSV,10x,5,0.43625993,0.0
5656,FLYALALLL,swapped_4360,5,0.0012738834,0.0
1590,GILGFVFTL,positive,5,0.97450066,1.0
2116,GILGFVFTL,10x,5,0.61866415,0.0
6247,GILGFVFTL,10x,5,0.49725828,0.0
3920,NLVPMVATV,swapped_3056,5,0.054096125,0.0
4364,GILGFVFTL,positive,5,0.99972504,1.0
132,FLYALALLL,positive,5,0.068825856,1.0
2317,GILGFVFTL,10x,5,0.10800534,0.0
47,GILGFVFTL,positive,5,0.3946525,1.0
5792,NLVPMVATV,positive,5,0.40680528,1.0
6493,GILGFVFTL,10x,5,0.43893826,0.0
1127,GILGFVFTL,10x,5,0.25901592,0.0
5755,GLCTLVAML,positive,5,0.5775511,1.0
3606,GILGFVFTL,10x,5,0.19498433,0.0
1375,GLCTLVAML,swapped_272,5,0.062229194,0.0
578,GLCTLVAML,10x,5,0.15929031,0.0
3893,NLVPMVATV,swapped_2933,5,0.095960796,0.0
21,GILGFVFTL,positive,5,0.9997962,1.0
42,GILGFVFTL,positive,5,0.99999154,1.0
5825,GILGFVFTL,positive,5,0.9999932,1.0
6216,GILGFVFTL,10x,5,0.24091889,0.0
3636,IMDQVPFSV,10x,5,0.43479392,0.0
2026,GILGFVFTL,10x,5,0.15776946,0.0
5631,FLYALALLL,swapped_4555,5,0.108962946,0.0
320,GILGFVFTL,positive,5,0.9999734,1.0
5520,MLDLQPETT,swapped_4243,5,7.065928e-05,0.0
2794,GILGFVFTL,positive,5,0.8672896,1.0
422,GILGFVFTL,10x,5,0.13901855,0.0
622,KTWGQYWQV,10x,5,0.42653394,0.0
6076,RMFPNAPYL,10x,5,0.43721455,0.0
5536,GILGFVFTL,swapped_4367,5,0.17433758,0.0
2676,GILGFVFTL,swapped_1737,5,0.27926296,0.0
4471,NLVPMVATV,positive,5,0.42621142,1.0
3579,LLFGYPVYV,10x,5,0.36136845,0.0
1490,GILGFVFTL,swapped_169,5,0.23500721,0.0
2237,GILGFVFTL,10x,5,0.27010506,0.0
6004,GILGFVFTL,positive,5,0.31292424,1.0
2888,GILGFVFTL,positive,5,0.92902595,1.0
234,FLYALALLL,positive,5,0.4457008,1.0
3760,NLVPMVATV,10x,5,0.7021021,0.0
4886,GILGFVFTL,10x,5,0.19974282,0.0
1547,GLCTLVAML,positive,5,0.9595316,1.0
4375,GILGFVFTL,positive,5,0.9999862,1.0
5707,GILGFVFTL,positive,5,0.9999435,1.0
2468,NLVPMVATV,swapped_1627,5,4.3254684e-05,0.0
1188,RTLNAWVKV,swapped_308,5,0.09094474,0.0
5597,GILGFVFTL,swapped_4464,5,0.33170053,0.0
5314,RTLNAWVKV,10x,5,0.43136382,0.0
5637,NLVPMVATV,swapped_4274,5,0.42307028,0.0
1345,GLCTLVAML,swapped_365,5,0.005106643,0.0
3918,GLCTLVAML,swapped_2790,5,0.000488469,0.0
1469,GLCTLVAML,swapped_290,5,0.0017460454,0.0
2161,GILGFVFTL,10x,5,0.20513985,0.0
457,GILGFVFTL,10x,5,0.13386121,0.0
4290,LLFGYPVYV,positive,5,0.44605598,1.0
1144,GLCTLVAML,swapped_249,5,4.3219967e-05,0.0
247,GILGFVFTL,positive,5,0.9999821,1.0
3567,NLVPMVATV,10x,5,0.38583973,0.0
4522,GILGFVFTL,positive,5,0.99994516,1.0
3970,GILGFVFTL,swapped_2804,5,0.06117099,0.0
1902,GILGFVFTL,10x,5,0.22949862,0.0
3047,GILGFVFTL,positive,5,0.32623228,1.0
1121,NLVPMVATV,10x,5,0.26119784,0.0
257,GILGFVFTL,positive,5,0.9533402,1.0
155,GILGFVFTL,positive,5,0.9999788,1.0
5367,NLVPMVATV,swapped_4390,5,0.082769156,0.0
89,GILGFVFTL,positive,5,0.9997621,1.0
6770,NLVPMVATV,swapped_5932,5,0.12855166,0.0
3965,GILGFVFTL,swapped_2958,5,0.122893184,0.0
4199,NLVPMVATV,positive,5,0.4411693,1.0
1279,GLCTLVAML,swapped_34,5,1.4023878e-05,0.0
3770,GILGFVFTL,10x,5,0.4247415,0.0
5057,GILGFVFTL,10x,5,0.23340683,0.0
757,GLCTLVAML,10x,5,0.54736453,0.0
491,NLVPMVATV,10x,5,0.39139012,0.0
1006,GILGFVFTL,10x,5,0.041233025,0.0
3450,GILGFVFTL,10x,5,0.10401019,0.0
5294,GILGFVFTL,10x,5,0.23517121,0.0
4292,GILGFVFTL,positive,5,0.94187224,1.0
5109,NLVPMVATV,10x,5,0.38849652,0.0
4160,GILGFVFTL,swapped_2948,5,0.13909316,0.0
5604,GLCTLVAML,swapped_4397,5,0.018388586,0.0
4887,GILGFVFTL,10x,5,0.13359652,0.0
669,GILGFVFTL,10x,5,0.13519564,0.0
4869,GILGFVFTL,10x,5,0.23718727,0.0
3150,GLCTLVAML,10x,5,0.18711182,0.0
3533,GILGFVFTL,10x,5,0.17119691,0.0
3255,GILGFVFTL,10x,5,0.3078903,0.0
676,GILGFVFTL,10x,5,0.20976174,0.0
4281,GILGFVFTL,positive,5,0.9999851,1.0
1981,GLCTLVAML,10x,5,0.071207,0.0
5286,GILGFVFTL,10x,5,0.20868467,0.0
4754,GLCTLVAML,10x,5,0.009971225,0.0
3075,GILGFVFTL,10x,5,0.12071977,0.0
2674,NLVPMVATV,swapped_1788,5,0.04503225,0.0
4219,GILGFVFTL,positive,5,0.98449045,1.0
3560,GILGFVFTL,10x,5,0.31006318,0.0
3186,NLVPMVATV,10x,5,0.41166145,0.0
5598,SLLMWITQV,swapped_4214,5,1.1541237e-05,0.0
4719,GILGFVFTL,10x,5,0.1487198,0.0
1148,NLVPMVATV,swapped_293,5,2.8298313e-05,0.0
4295,GILGFVFTL,positive,5,0.9999875,1.0
3210,GILGFVFTL,10x,5,0.8303197,0.0
1075,GILGFVFTL,10x,5,0.13701558,0.0
6127,GILGFVFTL,10x,5,0.13031936,0.0
2882,GILGFVFTL,positive,5,0.99976,1.0
2059,GILGFVFTL,10x,5,0.260859,0.0
242,GILGFVFTL,positive,5,0.99995446,1.0
1340,GLCTLVAML,swapped_167,5,0.055977643,0.0
855,GILGFVFTL,10x,5,0.4085325,0.0
3126,GILGFVFTL,10x,5,0.28403714,0.0
5337,FLYALALLL,swapped_4201,5,0.14807186,0.0
5159,GILGFVFTL,10x,5,0.11087688,0.0
4174,GLCTLVAML,positive,5,0.08060759,1.0
1596,GILGFVFTL,positive,5,0.128281,1.0
5860,GILGFVFTL,positive,5,0.91053563,1.0
6664,NLVPMVATV,swapped_5720,5,0.38801548,0.0
1403,GLCTLVAML,swapped_235,5,0.00010974202,0.0
5641,LLFGYPVYV,swapped_4238,5,0.44907644,0.0
5233,GILGFVFTL,10x,5,0.8621774,0.0
684,GLCTLVAML,10x,5,0.19305095,0.0
3845,GLCTLVAML,swapped_2936,5,0.16409478,0.0
2512,NLVPMVATV,swapped_1766,5,0.0042008394,0.0
18,GLCTLVAML,positive,5,0.970777,1.0
4354,GILGFVFTL,positive,5,0.9999678,1.0
5560,RMFPNAPYL,swapped_4502,5,0.0041007316,0.0
6487,CLGGLLTMV,10x,5,0.18366729,0.0
6013,NLVPMVATV,10x,5,0.3624708,0.0
5664,GLCTLVAML,swapped_4546,5,7.692418e-05,0.0
3409,GILGFVFTL,10x,5,0.12287054,0.0
1453,GLCTLVAML,swapped_100,5,0.0010241015,0.0
339,GLCTLVAML,positive,5,0.97454447,1.0
1393,KLQCVDLHV,swapped_349,5,0.3962254,0.0
5902,GILGFVFTL,positive,5,0.99991477,1.0
1091,GILGFVFTL,10x,5,0.96686125,0.0
2051,NLVPMVATV,10x,5,0.41399834,0.0
1491,GILGFVFTL,swapped_73,5,0.18426481,0.0
5401,NLVPMVATV,swapped_4413,5,7.762407e-05,0.0
1921,NLVPMVATV,10x,5,0.33727777,0.0
3657,GILGFVFTL,10x,5,0.26475525,0.0
6479,GILGFVFTL,10x,5,0.10593722,0.0
2884,GILGFVFTL,positive,5,0.99078393,1.0
6167,RTLNAWVKV,10x,5,0.43670574,0.0
2860,GILGFVFTL,positive,5,0.99999464,1.0
2185,NLVPMVATV,10x,5,0.42003444,0.0
6170,GILGFVFTL,10x,5,0.08041655,0.0
2577,NLVPMVATV,swapped_1802,5,0.015002686,0.0
3155,GILGFVFTL,10x,5,0.40622875,0.0
6903,RTLNAWVKV,swapped_5717,5,0.003685522,0.0
2783,GILGFVFTL,positive,5,0.99938345,1.0
1126,GILGFVFTL,10x,5,0.14590175,0.0
2515,NLVPMVATV,swapped_1727,5,0.00024247223,0.0
3763,GILGFVFTL,10x,5,0.19979191,0.0
178,GILGFVFTL,positive,5,0.9999424,1.0
2936,GILGFVFTL,positive,5,0.545015,1.0
4019,NLVPMVATV,swapped_2830,5,0.19653988,0.0
2430,GILGFVFTL,swapped_1547,5,0.02685499,0.0
3172,FLYALALLL,10x,5,0.90391326,0.0
968,GILGFVFTL,10x,5,0.62539464,0.0
400,GILGFVFTL,10x,5,0.122586556,0.0
890,GILGFVFTL,10x,5,0.16976248,0.0
3911,GLCTLVAML,swapped_2979,5,6.7819965e-05,0.0
689,GLCTLVAML,10x,5,0.13778691,0.0
6703,GILGFVFTL,swapped_6001,5,0.11614275,0.0
1371,LLFGYPVYV,swapped_38,5,0.41611373,0.0
22,FLYALALLL,positive,5,0.96075076,1.0
1999,GILGFVFTL,10x,5,0.19386798,0.0
845,GILGFVFTL,10x,5,0.20278078,0.0
5666,NLVPMVATV,swapped_4311,5,0.43964118,0.0
2901,GILGFVFTL,positive,5,0.21166831,1.0
5776,GLCTLVAML,positive,5,0.86691684,1.0
3312,GILGFVFTL,10x,5,0.9991055,0.0
5965,GILGFVFTL,positive,5,0.99999166,1.0
196,GILGFVFTL,positive,5,0.99330306,1.0
6252,GILGFVFTL,10x,5,0.10508171,0.0
1690,GLCTLVAML,positive,5,0.15836735,1.0
435,YLLEMLWRL,10x,5,0.23316534,0.0
5530,GLCTLVAML,swapped_4445,5,0.0072399615,0.0
4431,NLVPMVATV,positive,5,0.32905975,1.0
1846,NLVPMVATV,10x,5,0.44842243,0.0
1552,GLCTLVAML,positive,5,0.9629779,1.0
6131,SLLMWITQV,10x,5,0.41206536,0.0
3653,GILGFVFTL,10x,5,0.23835535,0.0
369,GILGFVFTL,positive,5,0.99984777,1.0
3351,NLVPMVATV,10x,5,0.44794184,0.0
564,GILGFVFTL,10x,5,0.11069688,0.0
6281,NLVPMVATV,10x,5,0.3513833,0.0
6898,GLCTLVAML,swapped_5731,5,0.0013441324,0.0
1448,FLYALALLL,swapped_107,5,0.00053998095,0.0
4223,NLVPMVATV,positive,5,0.20427604,1.0
2477,GILGFVFTL,swapped_1704,5,0.07538219,0.0
4891,GILGFVFTL,10x,5,0.3350643,0.0
4561,GILGFVFTL,10x,5,0.14824924,0.0
133,GILGFVFTL,positive,5,0.9965407,1.0
1088,GILGFVFTL,10x,5,0.08861822,0.0
406,GILGFVFTL,10x,5,0.23569284,0.0
3665,GILGFVFTL,10x,5,0.2908067,0.0
2790,GILGFVFTL,positive,5,0.9997247,1.0
933,GILGFVFTL,10x,5,0.1448776,0.0
2866,GILGFVFTL,positive,5,0.1740786,1.0
5466,GLCTLVAML,swapped_4435,5,0.26159167,0.0
1825,GLCTLVAML,10x,5,0.22866145,0.0
6261,GILGFVFTL,10x,5,0.17125802,0.0
6302,NLVPMVATV,10x,5,0.29114,0.0
2799,GILGFVFTL,positive,5,0.9448449,1.0
1313,GLCTLVAML,swapped_352,5,0.08080778,0.0
2827,GILGFVFTL,positive,5,0.14399329,1.0
1802,GILGFVFTL,positive,5,0.9967501,1.0
2464,GLCTLVAML,swapped_1778,5,0.00247555,0.0
2999,GILGFVFTL,positive,5,0.9999846,1.0
2876,MLDLQPETT,positive,5,0.4169402,1.0
938,GLCTLVAML,10x,5,0.7368091,0.0
480,GILGFVFTL,10x,5,0.19959398,0.0
1759,FLYALALLL,positive,5,0.76156324,1.0
4951,KTWGQYWQV,10x,5,0.4437719,0.0
4215,GILGFVFTL,positive,5,0.99969053,1.0
4839,NLVPMVATV,10x,5,0.12053083,0.0
6040,GILGFVFTL,10x,5,0.123183005,0.0
986,GILGFVFTL,10x,5,0.10454002,0.0
5722,GILGFVFTL,positive,5,0.9999883,1.0
312,GILGFVFTL,positive,5,0.9999964,1.0
2199,GLCTLVAML,10x,5,0.16475548,0.0
3829,LLFGYPVYV,swapped_3051,5,0.0009827357,0.0
5208,GILGFVFTL,10x,5,0.35906637,0.0
3031,GILGFVFTL,positive,5,0.99999714,1.0
6741,NLVPMVATV,swapped_5760,5,0.0027743012,0.0
3292,SLFNTVATL,10x,5,0.20718856,0.0
3927,FLYALALLL,swapped_2923,5,0.2188809,0.0
1790,NLVPMVATV,positive,5,0.30463162,1.0
141,GILGFVFTL,positive,5,0.9994518,1.0
4311,GILGFVFTL,positive,5,0.12473867,1.0
1390,GILGFVFTL,swapped_273,5,0.037724838,0.0
6153,GILGFVFTL,10x,5,0.14124501,0.0
4571,GILGFVFTL,10x,5,0.31794402,0.0
6692,NLVPMVATV,swapped_5903,5,0.0018841659,0.0
2088,GILGFVFTL,10x,5,0.11737316,0.0
5411,GILGFVFTL,swapped_4174,5,0.51815146,0.0
4870,GILGFVFTL,10x,5,0.08071369,0.0
2459,GLCTLVAML,swapped_1790,5,0.08697304,0.0
3390,GILGFVFTL,10x,5,0.5740998,0.0
3542,GILGFVFTL,10x,5,0.33742842,0.0
4795,NLVPMVATV,10x,5,0.46047953,0.0
156,NLVPMVATV,positive,5,0.16230722,1.0
6265,GLCTLVAML,10x,5,0.10723902,0.0
4787,GILGFVFTL,10x,5,0.16123886,0.0
1233,GLCTLVAML,swapped_86,5,0.000116044095,0.0
1226,NLVPMVATV,swapped_160,5,0.0002786607,0.0
2228,GILGFVFTL,10x,5,0.30182934,0.0
3648,GILGFVFTL,10x,5,0.23322949,0.0
3751,NLVPMVATV,10x,5,0.43757173,0.0
2247,GILGFVFTL,10x,5,0.18585226,0.0
4451,IMDQVPFSV,positive,5,0.43418163,1.0
2328,GILGFVFTL,10x,5,0.19332992,0.0
3067,GILGFVFTL,10x,5,0.030538617,0.0
4015,NLVPMVATV,swapped_2898,5,0.47026622,0.0
1629,GILGFVFTL,positive,5,0.9975412,1.0
5795,GILGFVFTL,positive,5,0.99999785,1.0
454,GILGFVFTL,10x,5,0.51193905,0.0
6338,GILGFVFTL,10x,5,0.29201913,0.0
499,GILGFVFTL,10x,5,0.21540734,0.0
1168,GLCTLVAML,swapped_287,5,0.00024357818,0.0
825,GILGFVFTL,10x,5,0.10746589,0.0
2789,GILGFVFTL,positive,5,0.987523,1.0
5658,GLCTLVAML,swapped_4252,5,0.05037237,0.0
4634,GILGFVFTL,10x,5,0.12704024,0.0
6534,GILGFVFTL,10x,5,0.16319029,0.0
1458,NLVPMVATV,swapped_178,5,0.0040182793,0.0
3098,GILGFVFTL,10x,5,0.60399276,0.0
6031,GILGFVFTL,10x,5,0.46948984,0.0
505,NLVPMVATV,10x,5,0.45475286,0.0
1503,FLYALALLL,swapped_33,5,0.9776504,0.0
3992,NLVPMVATV,swapped_2739,5,0.00039681687,0.0
2432,GILGFVFTL,swapped_1714,5,0.13463987,0.0
4911,LLFGYPVYV,10x,5,0.40893996,0.0
6391,GILGFVFTL,10x,5,0.17288315,0.0
344,GLCTLVAML,positive,5,0.96880186,1.0
24,GILGFVFTL,positive,5,0.99948335,1.0
6160,GILGFVFTL,10x,5,0.3636823,0.0
4056,RMFPNAPYL,swapped_2853,5,0.005430715,0.0
3481,GILGFVFTL,10x,5,0.19641675,0.0
1862,GILGFVFTL,10x,5,0.16237193,0.0
1250,GLCTLVAML,swapped_312,5,1.4305272e-05,0.0
2381,NLVPMVATV,10x,5,0.4709796,0.0
3122,GILGFVFTL,10x,5,0.75896883,0.0
1777,NLVPMVATV,positive,5,0.4278717,1.0
3493,GLCTLVAML,10x,5,0.09985433,0.0
3999,GILGFVFTL,swapped_2869,5,0.10419002,0.0
2497,FLYALALLL,swapped_1590,5,0.01921816,0.0
6847,GILGFVFTL,swapped_5816,5,0.5565751,0.0
421,LLFGYPVYV,10x,5,0.41244307,0.0
5606,GILGFVFTL,swapped_4471,5,0.15452266,0.0
2072,NLVPMVATV,10x,5,0.38531527,0.0
883,GILGFVFTL,10x,5,0.2778176,0.0
4780,GILGFVFTL,10x,5,0.21838652,0.0
3495,GLCTLVAML,10x,5,0.06781713,0.0
3019,GILGFVFTL,positive,5,0.9999703,1.0
6819,NLVPMVATV,swapped_5937,5,0.00014643659,0.0
3717,GILGFVFTL,10x,5,0.2009525,0.0
2944,NLVPMVATV,positive,5,0.47292897,1.0
2255,GILGFVFTL,10x,5,0.10612052,0.0
4004,IMDQVPFSV,swapped_3031,5,0.00018495256,0.0
5932,GILGFVFTL,positive,5,0.9597739,1.0
3444,GILGFVFTL,10x,5,0.1478313,0.0
1723,NLVPMVATV,positive,5,0.10541237,1.0
1891,GILGFVFTL,10x,5,0.9457667,0.0
6177,GILGFVFTL,10x,5,0.10017309,0.0
137,NLVPMVATV,positive,5,0.43765333,1.0
1455,GLCTLVAML,swapped_58,5,0.1466164,0.0
4512,GLCTLVAML,positive,5,0.81888425,1.0
1364,GLCTLVAML,swapped_111,5,0.00080741325,0.0
1929,GILGFVFTL,10x,5,0.14797847,0.0
4587,GILGFVFTL,10x,5,0.21868277,0.0
1873,MLDLQPETT,10x,5,0.4359557,0.0
3394,GLCTLVAML,10x,5,0.40327784,0.0
6052,NLVPMVATV,10x,5,0.42163503,0.0
5990,GILGFVFTL,positive,5,0.9999213,1.0
6303,GILGFVFTL,10x,5,0.18528017,0.0
3639,GILGFVFTL,10x,5,0.27650177,0.0
696,GLCTLVAML,10x,5,0.38853136,0.0
2203,GILGFVFTL,10x,5,0.3038062,0.0
6441,GLCTLVAML,10x,5,0.12152971,0.0
3756,GILGFVFTL,10x,5,0.09367426,0.0
661,SLFNTVATL,10x,5,0.27117774,0.0
5217,GILGFVFTL,10x,5,0.25997722,0.0
273,NLVPMVATV,positive,5,0.6494844,1.0
2807,GILGFVFTL,positive,5,0.29076582,1.0
2160,FLYALALLL,10x,5,0.05600224,0.0
3626,RMFPNAPYL,10x,5,0.43948066,0.0
1389,GILGFVFTL,swapped_18,5,0.028484454,0.0
685,GILGFVFTL,10x,5,0.067535415,0.0
2832,GILGFVFTL,positive,5,0.9999945,1.0
504,GILGFVFTL,10x,5,0.16187702,0.0
876,GLCTLVAML,10x,5,0.35813135,0.0
1671,GILGFVFTL,positive,5,0.96136904,1.0
6120,GLCTLVAML,10x,5,0.16359176,0.0
3233,FLYALALLL,10x,5,0.24607182,0.0
4485,GILGFVFTL,positive,5,0.24396546,1.0
2551,GILGFVFTL,swapped_1777,5,0.09646123,0.0
3041,GLCTLVAML,positive,5,0.44497177,1.0
2012,GILGFVFTL,10x,5,0.23728502,0.0
4810,GILGFVFTL,10x,5,0.09303662,0.0
3956,NLVPMVATV,swapped_3028,5,0.030900897,0.0
6237,GLCTLVAML,10x,5,0.18437728,0.0
1310,FLYALALLL,swapped_283,5,0.00042650496,0.0
6523,GILGFVFTL,10x,5,0.8981179,0.0
6571,GILGFVFTL,10x,5,0.23786743,0.0
2711,GILGFVFTL,positive,5,0.9990182,1.0
3698,GILGFVFTL,10x,5,0.21123168,0.0
5717,GILGFVFTL,positive,5,0.99997365,1.0
3286,NLVPMVATV,10x,5,0.38624698,0.0
6221,FLYALALLL,10x,5,0.2669591,0.0
3130,NLVPMVATV,10x,5,0.43730342,0.0
1875,GILGFVFTL,10x,5,0.13987474,0.0
4139,GILGFVFTL,swapped_3041,5,0.12409518,0.0
5532,GLCTLVAML,swapped_4509,5,0.32830215,0.0
2393,GILGFVFTL,10x,5,0.50234354,0.0
6801,GILGFVFTL,swapped_5882,5,0.9137012,0.0
424,GLCTLVAML,10x,5,0.07135998,0.0
1872,GILGFVFTL,10x,5,0.23238076,0.0
6844,SLFNTVATL,swapped_5870,5,7.872961e-06,0.0
5683,RMFPNAPYL,swapped_4364,5,0.014266563,0.0
4802,GILGFVFTL,10x,5,0.23026972,0.0
1727,GILGFVFTL,positive,5,0.99983346,1.0
627,GLCTLVAML,10x,5,0.09713907,0.0
1864,GILGFVFTL,10x,5,0.20715143,0.0
1157,GILGFVFTL,swapped_210,5,0.42646754,0.0
2273,NLVPMVATV,10x,5,0.4088906,0.0
4083,GLCTLVAML,swapped_2859,5,0.022930803,0.0
4830,GLCTLVAML,10x,5,0.108972706,0.0
3101,GILGFVFTL,10x,5,0.15737797,0.0
1677,GILGFVFTL,positive,5,0.9974402,1.0
6291,GILGFVFTL,10x,5,0.24745217,0.0
3383,GILGFVFTL,10x,5,0.7234908,0.0
4048,KTWGQYWQV,swapped_2788,5,0.00013572007,0.0
1041,GLCTLVAML,10x,5,7.884411e-06,0.0
1852,GILGFVFTL,10x,5,0.2466282,0.0
2009,GILGFVFTL,10x,5,0.24985982,0.0
1060,GILGFVFTL,10x,5,0.08033055,0.0
6363,GILGFVFTL,10x,5,0.15165558,0.0
6360,GILGFVFTL,10x,5,0.23162168,0.0
2923,GILGFVFTL,positive,5,0.19141723,1.0
4186,GILGFVFTL,positive,5,0.28235814,1.0
6068,GLCTLVAML,10x,5,0.10342678,0.0
1348,NLVPMVATV,swapped_141,5,0.010475722,0.0
4783,GILGFVFTL,10x,5,0.13010445,0.0
2853,GILGFVFTL,positive,5,0.9999336,1.0
3115,NLVPMVATV,10x,5,0.44094676,0.0
1592,GLCTLVAML,positive,5,0.97025925,1.0
1318,GLCTLVAML,swapped_24,5,0.0003377992,0.0
5816,NLVPMVATV,positive,5,0.31833777,1.0
1514,LLFGYPVYV,swapped_229,5,0.009563825,0.0
4180,GILGFVFTL,positive,5,0.99999416,1.0
2591,LLFGYPVYV,swapped_1564,5,0.4095075,0.0
5875,GILGFVFTL,positive,5,0.99902976,1.0
1834,GILGFVFTL,10x,5,0.15711598,0.0
2892,GILGFVFTL,positive,5,0.12800232,1.0
4509,GILGFVFTL,positive,5,0.18556866,1.0
2701,GILGFVFTL,positive,5,0.99999714,1.0
4606,GILGFVFTL,10x,5,0.044902995,0.0
5878,LLFGYPVYV,positive,5,0.44559935,1.0
308,GILGFVFTL,positive,5,0.99027514,1.0
3848,GLCTLVAML,swapped_2973,5,6.5448905e-05,0.0
6687,GILGFVFTL,swapped_5930,5,0.06624708,0.0
3347,GILGFVFTL,10x,5,0.18716961,0.0
1693,GILGFVFTL,positive,5,0.99999464,1.0
1117,GILGFVFTL,10x,5,0.26015052,0.0
2851,GILGFVFTL,positive,5,0.81235135,1.0
5525,GLCTLVAML,swapped_4316,5,0.20449984,0.0
4381,GILGFVFTL,positive,5,0.9998753,1.0
5389,NLVPMVATV,swapped_4222,5,2.7482358e-05,0.0
5662,FLYALALLL,swapped_4431,5,0.07317573,0.0
4029,FLYALALLL,swapped_3022,5,0.17568809,0.0
4906,GILGFVFTL,10x,5,0.37176552,0.0
3303,GILGFVFTL,10x,5,0.23090588,0.0
5116,GILGFVFTL,10x,5,0.12150945,0.0
2792,GILGFVFTL,positive,5,0.99999714,1.0
741,GILGFVFTL,10x,5,0.15271921,0.0
365,GILGFVFTL,positive,5,0.99398464,1.0
5241,GILGFVFTL,10x,5,0.25916433,0.0
2600,NLVPMVATV,swapped_1629,5,0.06738522,0.0
6827,GLCTLVAML,swapped_5769,5,0.0006579612,0.0
601,GILGFVFTL,10x,5,0.14680289,0.0
2912,FLYALALLL,positive,5,0.38158166,1.0
5441,FLYALALLL,swapped_4424,5,0.0018592832,0.0
5293,GILGFVFTL,10x,5,0.1515491,0.0
641,GILGFVFTL,10x,5,0.3064576,0.0
3215,GILGFVFTL,10x,5,0.22264901,0.0
2297,GILGFVFTL,10x,5,0.192177,0.0
1595,GILGFVFTL,positive,5,0.2501547,1.0
3447,GILGFVFTL,10x,5,0.45883602,0.0
3272,GILGFVFTL,10x,5,0.07688044,0.0
2933,GILGFVFTL,positive,5,0.9442241,1.0
2804,FLYALALLL,positive,5,0.8785745,1.0
3798,GILGFVFTL,10x,5,0.13534002,0.0
1704,GLCTLVAML,positive,5,0.87232876,1.0
6443,GILGFVFTL,10x,5,0.08967548,0.0
3678,GILGFVFTL,10x,5,0.47574964,0.0
539,GILGFVFTL,10x,5,0.57959116,0.0
3346,GLCTLVAML,10x,5,0.15995045,0.0
864,GILGFVFTL,10x,5,0.26914406,0.0
1283,GLCTLVAML,swapped_145,5,0.02845708,0.0
1099,GILGFVFTL,10x,5,0.14357333,0.0
2486,GLCTLVAML,swapped_1702,5,0.00025191758,0.0
227,GILGFVFTL,positive,5,0.39201036,1.0
6431,GILGFVFTL,10x,5,0.3910638,0.0
3280,NLVPMVATV,10x,5,0.43061316,0.0
2897,GLCTLVAML,positive,5,0.24441636,1.0
3823,GLCTLVAML,swapped_2731,5,6.799793e-05,0.0
4031,FLYALALLL,swapped_2943,5,3.574671e-05,0.0
4435,GILGFVFTL,positive,5,0.19783147,1.0
4067,NLVPMVATV,swapped_2808,5,0.02434403,0.0
926,GILGFVFTL,10x,5,0.1538716,0.0
4646,GILGFVFTL,10x,5,0.14243138,0.0
1171,GLCTLVAML,swapped_348,5,0.21989821,0.0
1742,GILGFVFTL,positive,5,0.99999726,1.0
6423,NLVPMVATV,10x,5,0.39938533,0.0
5128,CLGGLLTMV,10x,5,0.28512037,0.0
34,GILGFVFTL,positive,5,0.99999595,1.0
5345,SLLMWITQV,swapped_4178,5,0.28248018,0.0
1689,NLVPMVATV,positive,5,0.40710714,1.0
4236,GLCTLVAML,positive,5,0.06889655,1.0
5935,GILGFVFTL,positive,5,0.9669591,1.0
2746,GILGFVFTL,positive,5,0.4252624,1.0
1274,LLFGYPVYV,swapped_263,5,0.15165938,0.0
5182,GILGFVFTL,10x,5,0.13798374,0.0
418,GLCTLVAML,10x,5,0.16328916,0.0
980,NLVPMVATV,10x,5,0.4371438,0.0
1820,GILGFVFTL,10x,5,0.36980924,0.0
121,GILGFVFTL,positive,5,0.41109407,1.0
145,GILGFVFTL,positive,5,0.9016316,1.0
975,GILGFVFTL,10x,5,0.13491449,0.0
6708,GLCTLVAML,swapped_5825,5,5.2014675e-05,0.0
1154,GILGFVFTL,swapped_65,5,0.18234468,0.0
1773,GILGFVFTL,positive,5,0.12837225,1.0
318,GILGFVFTL,positive,5,0.99978775,1.0
2943,GILGFVFTL,positive,5,0.9999819,1.0
4760,GILGFVFTL,10x,5,0.26044697,0.0
3522,GILGFVFTL,10x,5,0.14024572,0.0
3594,GILGFVFTL,10x,5,0.18881531,0.0
4737,GILGFVFTL,10x,5,0.09533758,0.0
3287,GILGFVFTL,10x,5,0.3566433,0.0
6418,GILGFVFTL,10x,5,0.10615882,0.0
5686,RMFPNAPYL,swapped_4295,5,0.0006582415,0.0
5539,GLCTLVAML,swapped_4463,5,0.00013173814,0.0
3169,GILGFVFTL,10x,5,0.18927604,0.0
6762,KTWGQYWQV,swapped_5868,5,0.16250807,0.0
4515,GILGFVFTL,positive,5,0.99780566,1.0
6437,GILGFVFTL,10x,5,0.5674014,0.0
3775,GILGFVFTL,10x,5,0.18856561,0.0
471,GILGFVFTL,10x,5,0.1284193,0.0
1939,GILGFVFTL,10x,5,0.3748653,0.0
3333,FLYALALLL,10x,5,0.111824,0.0
1554,GILGFVFTL,positive,5,0.9982868,1.0
5969,GILGFVFTL,positive,5,0.9826827,1.0
3028,GILGFVFTL,positive,5,0.9881734,1.0
2035,LLFGYPVYV,10x,5,0.40620872,0.0
1205,GLCTLVAML,swapped_369,5,0.001065157,0.0
2761,GILGFVFTL,positive,5,0.99975246,1.0
4328,GILGFVFTL,positive,5,0.92852217,1.0
3998,GILGFVFTL,swapped_2944,5,0.06687148,0.0
1949,GILGFVFTL,10x,5,0.35043478,0.0
287,GILGFVFTL,positive,5,0.9999443,1.0
5667,GLCTLVAML,swapped_4396,5,0.13628457,0.0
437,GILGFVFTL,10x,5,0.33339235,0.0
317,GILGFVFTL,positive,5,0.99999607,1.0
5636,GLCTLVAML,swapped_4315,5,0.031673674,0.0
3278,GLCTLVAML,10x,5,0.08983916,0.0
3118,GLCTLVAML,10x,5,0.15577227,0.0
6808,NLVPMVATV,swapped_5945,5,0.027345557,0.0
1739,GLCTLVAML,positive,5,0.9794236,1.0
5481,GLCTLVAML,swapped_4485,5,0.24552123,0.0
3910,GLCTLVAML,swapped_2698,5,0.22800145,0.0
3051,GILGFVFTL,positive,5,0.9999716,1.0
5737,GLCTLVAML,positive,5,0.9546185,1.0
4185,GILGFVFTL,positive,5,0.9998807,1.0
3641,GILGFVFTL,10x,5,0.10221998,0.0
3068,GILGFVFTL,10x,5,0.16924626,0.0
2239,GILGFVFTL,10x,5,0.16717006,0.0
111,GILGFVFTL,positive,5,0.99981195,1.0
5061,NLVPMVATV,10x,5,0.34789303,0.0
6709,GILGFVFTL,swapped_5755,5,0.09682011,0.0
6790,KTWGQYWQV,swapped_5792,5,0.4365028,0.0
3400,SLLMWITQV,10x,5,0.44283593,0.0
537,GILGFVFTL,10x,5,0.22865985,0.0
5112,GILGFVFTL,10x,5,0.14251615,0.0
1800,GILGFVFTL,positive,5,0.98688275,1.0
6183,GLCTLVAML,10x,5,0.05513083,0.0
4268,GLCTLVAML,positive,5,0.95452833,1.0
1776,GILGFVFTL,positive,5,0.28670406,1.0
3732,GILGFVFTL,10x,5,0.18873502,0.0
256,GILGFVFTL,positive,5,0.9997671,1.0
3969,GLCTLVAML,swapped_2846,5,0.00012410626,0.0
249,GILGFVFTL,positive,5,0.9999931,1.0
6592,GILGFVFTL,10x,5,0.18449204,0.0
1118,GILGFVFTL,10x,5,0.0951439,0.0
956,RTLNAWVKV,10x,5,0.43788588,0.0
3921,NLVPMVATV,swapped_2977,5,1.7736163e-05,0.0
2173,GILGFVFTL,10x,5,0.41453308,0.0
2811,GILGFVFTL,positive,5,0.9999429,1.0
6882,NLVPMVATV,swapped_5722,5,0.00039909,0.0
6222,GILGFVFTL,10x,5,0.17619781,0.0
3674,GILGFVFTL,10x,5,0.17854922,0.0
5042,GILGFVFTL,10x,5,0.6668357,0.0
4350,GILGFVFTL,positive,5,0.9999896,1.0
1137,GLCTLVAML,10x,5,1.1170718e-05,0.0
1329,NLVPMVATV,swapped_55,5,0.5248006,0.0
5405,GILGFVFTL,swapped_4505,5,0.032050114,0.0
1675,FLYALALLL,positive,5,0.96264035,1.0
3953,NLVPMVATV,swapped_2746,5,0.31724903,0.0
4257,GILGFVFTL,positive,5,0.99612266,1.0
4137,KTWGQYWQV,swapped_2912,5,0.44573426,0.0
3856,NLVPMVATV,swapped_2725,5,0.0040445398,0.0
5132,GILGFVFTL,10x,5,0.38565356,0.0
4119,GLCTLVAML,swapped_2781,5,0.0002003855,0.0
33,GLCTLVAML,positive,5,0.9739509,1.0
2444,GILGFVFTL,swapped_1686,5,0.2050122,0.0
6392,GILGFVFTL,10x,5,0.22781357,0.0
675,GILGFVFTL,10x,5,0.26427126,0.0
628,GILGFVFTL,10x,5,0.7905382,0.0
4367,GLCTLVAML,positive,5,0.28699225,1.0
6425,GLCTLVAML,10x,5,0.09378147,0.0
1521,FLYALALLL,swapped_103,5,4.575858e-05,0.0
5876,GLCTLVAML,positive,5,0.2056944,1.0
4040,GLCTLVAML,swapped_2794,5,0.027076127,0.0
86,GILGFVFTL,positive,5,0.99997973,1.0
4034,NLVPMVATV,swapped_2817,5,0.0003155864,0.0
947,GILGFVFTL,10x,5,0.5342242,0.0
352,GILGFVFTL,positive,5,0.463429,1.0
2578,GILGFVFTL,swapped_1675,5,0.028950274,0.0
1714,NLVPMVATV,positive,5,0.42856124,1.0
2916,GILGFVFTL,positive,5,0.9999913,1.0
4273,GILGFVFTL,positive,5,0.99998415,1.0
4623,LLFGYPVYV,10x,5,0.44554794,0.0
1302,LLFGYPVYV,swapped_227,5,0.36442116,0.0
1519,FLYALALLL,swapped_203,5,0.21845847,0.0
704,GLCTLVAML,10x,5,0.3382051,0.0
6481,LLFGYPVYV,10x,5,0.44768775,0.0
2948,NLVPMVATV,positive,5,0.41034752,1.0
1564,NLVPMVATV,positive,5,0.4156464,1.0
167,GILGFVFTL,positive,5,0.40019938,1.0
6721,GLCTLVAML,swapped_5809,5,0.07312824,0.0
4312,GILGFVFTL,positive,5,0.99998343,1.0
4078,RTLNAWVKV,swapped_2852,5,0.508307,0.0
469,RMFPNAPYL,10x,5,0.38381553,0.0
5974,GILGFVFTL,positive,5,0.57208556,1.0
2852,GLCTLVAML,positive,5,0.98048234,1.0
2368,GILGFVFTL,10x,5,0.9048661,0.0
2213,GILGFVFTL,10x,5,0.18762532,0.0
5032,GILGFVFTL,10x,5,0.11610396,0.0
4976,GILGFVFTL,10x,5,0.22246061,0.0
6079,GILGFVFTL,10x,5,0.35567778,0.0
3873,MLDLQPETT,swapped_3047,5,0.35442472,0.0
2788,GILGFVFTL,positive,5,0.9999927,1.0
5979,GILGFVFTL,positive,5,0.9999968,1.0
1922,GILGFVFTL,10x,5,0.18268949,0.0
4228,GILGFVFTL,positive,5,0.19593789,1.0
5278,GILGFVFTL,10x,5,0.08247037,0.0
4624,GILGFVFTL,10x,5,0.13498943,0.0
5448,GLCTLVAML,swapped_4240,5,0.0023987212,0.0
4153,GLCTLVAML,swapped_2783,5,0.002388818,0.0
4662,GILGFVFTL,10x,5,0.16291353,0.0
2395,GILGFVFTL,10x,5,0.17767514,0.0
6725,NLVPMVATV,swapped_5728,5,0.4196812,0.0
5195,GILGFVFTL,10x,5,0.20683263,0.0
1510,YLLEMLWRL,swapped_137,5,0.40620652,0.0
4374,GILGFVFTL,positive,5,0.9999503,1.0
594,FLYALALLL,10x,5,0.10015888,0.0
3725,GILGFVFTL,10x,5,0.10082917,0.0
6327,NLVPMVATV,10x,5,0.43721431,0.0
5937,GILGFVFTL,positive,5,0.99999523,1.0
1867,GILGFVFTL,10x,5,0.095387086,0.0
1446,KVAELVHFL,swapped_318,5,0.0031853863,0.0
3973,LLFGYPVYV,swapped_2792,5,3.346808e-05,0.0
5013,GILGFVFTL,10x,5,0.15719472,0.0
6178,NLVPMVATV,10x,5,0.44750383,0.0
2107,GILGFVFTL,10x,5,0.121227115,0.0
2831,GILGFVFTL,positive,5,0.9999542,1.0
3056,GILGFVFTL,positive,5,0.99752015,1.0
4584,YLLEMLWRL,10x,5,0.3902452,0.0
4121,NLVPMVATV,swapped_2763,5,0.00033189886,0.0
6865,GILGFVFTL,swapped_5776,5,0.08179262,0.0
1347,LLFGYPVYV,swapped_256,5,0.00109419,0.0
3824,GLCTLVAML,swapped_2999,5,0.00028387606,0.0
1319,GLCTLVAML,swapped_251,5,0.04902434,0.0
4143,LLFGYPVYV,swapped_2828,5,0.43039268,0.0
6152,GILGFVFTL,10x,5,0.13494688,0.0
4427,NLVPMVATV,positive,5,0.39722493,1.0
5513,GLCTLVAML,swapped_4292,5,0.047518697,0.0
6387,NLVPMVATV,10x,5,0.34684777,0.0
4240,GILGFVFTL,positive,5,0.99936706,1.0
19,GILGFVFTL,positive,5,0.99479115,1.0
3378,GILGFVFTL,10x,5,0.45825073,0.0
6429,SLFNTVATL,10x,5,0.34494647,0.0
3195,GILGFVFTL,10x,5,0.15054004,0.0
3222,GILGFVFTL,10x,5,0.1076502,0.0
6305,GILGFVFTL,10x,5,0.18330234,0.0
1624,GILGFVFTL,positive,5,0.7790482,1.0
5312,GLCTLVAML,10x,5,0.112923995,0.0
4645,GLCTLVAML,10x,5,0.15169613,0.0
5809,GILGFVFTL,positive,5,0.87025833,1.0
2147,GILGFVFTL,10x,5,0.22621632,0.0
2508,MLDLQPETT,swapped_1596,5,0.43769693,0.0
4991,GILGFVFTL,10x,5,0.09999566,0.0
5186,LLFGYPVYV,10x,5,0.4466696,0.0
2110,LLFGYPVYV,10x,5,0.4446512,0.0
4141,NLVPMVATV,swapped_2962,5,0.0021784327,0.0
392,GILGFVFTL,10x,5,0.052781135,0.0
190,NLVPMVATV,positive,5,0.43360978,1.0
4849,GILGFVFTL,10x,5,0.5428476,0.0
5176,GILGFVFTL,10x,5,0.14575578,0.0
341,GILGFVFTL,positive,5,0.07496168,1.0
5062,GILGFVFTL,10x,5,0.25082102,0.0
4824,GILGFVFTL,10x,5,0.09396416,0.0
4661,GILGFVFTL,10x,5,0.13374938,0.0
5146,GILGFVFTL,10x,5,0.14079992,0.0
217,GILGFVFTL,positive,5,0.761564,1.0
1770,NLVPMVATV,positive,5,0.40493745,1.0
5677,GLCTLVAML,swapped_4354,5,6.02834e-05,0.0
5732,GILGFVFTL,positive,5,0.99938416,1.0
4908,GLCTLVAML,10x,5,0.10623506,0.0
6201,GILGFVFTL,10x,5,0.34469736,0.0
4613,GILGFVFTL,10x,5,0.2129931,0.0
6021,LLFGYPVYV,10x,5,0.45468757,0.0
5144,GILGFVFTL,10x,5,0.7124128,0.0
1919,GILGFVFTL,10x,5,0.19843179,0.0
1843,GILGFVFTL,10x,5,0.1274913,0.0
6146,NLVPMVATV,10x,5,0.3814682,0.0
3813,GILGFVFTL,swapped_2730,5,0.051489413,0.0
362,GILGFVFTL,positive,5,0.15402062,1.0
309,GILGFVFTL,positive,5,0.99999595,1.0
451,GILGFVFTL,10x,5,0.30444402,0.0
6233,GILGFVFTL,10x,5,0.1387984,0.0
229,GILGFVFTL,positive,5,0.9988751,1.0
1339,GLCTLVAML,swapped_354,5,8.804534e-06,0.0
1115,GILGFVFTL,10x,5,0.14825404,0.0
2801,GILGFVFTL,positive,5,0.9999343,1.0
1069,GILGFVFTL,10x,5,0.5481891,0.0
5639,NLVPMVATV,swapped_4281,5,0.00015610481,0.0
4115,NLVPMVATV,swapped_2827,5,0.43838072,0.0
1170,GLCTLVAML,swapped_193,5,0.011179144,0.0
3339,GILGFVFTL,10x,5,0.25963655,0.0
5108,GILGFVFTL,10x,5,0.22345462,0.0
1979,GILGFVFTL,10x,5,0.13288926,0.0
5223,GILGFVFTL,10x,5,0.33854556,0.0
2167,GILGFVFTL,10x,5,0.09541994,0.0
934,GILGFVFTL,10x,5,0.13277502,0.0
6037,GILGFVFTL,10x,5,0.60215956,0.0
5080,GILGFVFTL,10x,5,0.0637998,0.0
2731,GILGFVFTL,positive,5,0.9999846,1.0
4753,GILGFVFTL,10x,5,0.2079093,0.0
4445,GILGFVFTL,positive,5,0.97934604,1.0
3189,GILGFVFTL,10x,5,0.18450825,0.0
1702,GILGFVFTL,positive,5,0.9999603,1.0
2590,GILGFVFTL,swapped_1807,5,0.09182362,0.0
4580,GILGFVFTL,10x,5,0.33266363,0.0
1890,GLCTLVAML,10x,5,0.21099973,0.0
6039,GILGFVFTL,10x,5,0.12936851,0.0
6594,GLCTLVAML,10x,5,0.19964743,0.0
2974,GILGFVFTL,positive,5,0.6353231,1.0
1361,NLVPMVATV,swapped_317,5,3.3413708e-05,0.0
2024,GILGFVFTL,10x,5,0.16251294,0.0
1428,GLCTLVAML,swapped_331,5,0.0037848516,0.0
5029,NLVPMVATV,10x,5,0.3474313,0.0
6853,GLCTLVAML,swapped_5906,5,0.010542885,0.0
3231,RTLNAWVKV,10x,5,0.43727344,0.0
443,KTWGQYWQV,10x,5,0.44070685,0.0
2739,GILGFVFTL,positive,5,0.99997556,1.0
6056,GLCTLVAML,10x,5,0.1827935,0.0
6319,GILGFVFTL,10x,5,0.21175645,0.0
2066,GILGFVFTL,10x,5,0.2989378,0.0
3971,GLCTLVAML,swapped_2831,5,1.834354e-05,0.0
2032,GILGFVFTL,10x,5,0.2069713,0.0
5640,NLVPMVATV,swapped_4273,5,3.5656045e-05,0.0
4252,GILGFVFTL,positive,5,0.6905959,1.0
588,NLVPMVATV,10x,5,0.43904573,0.0
966,IMDQVPFSV,10x,5,0.43744394,0.0
3705,FLYALALLL,10x,5,0.15301397,0.0
1311,NLVPMVATV,swapped_119,5,0.0021743278,0.0
5249,RTLNAWVKV,10x,5,0.43812397,0.0
1990,GILGFVFTL,10x,5,0.13758813,0.0
3152,NLVPMVATV,10x,5,0.31171024,0.0
119,GILGFVFTL,positive,5,0.99992704,1.0
4619,GILGFVFTL,10x,5,0.095220804,0.0
1420,GILGFVFTL,swapped_171,5,0.58123785,0.0
2189,GILGFVFTL,10x,5,0.62727594,0.0
4555,GILGFVFTL,positive,5,0.45016974,1.0
5211,GILGFVFTL,10x,5,0.10431807,0.0
3783,GILGFVFTL,10x,5,0.31283382,0.0
6018,RMFPNAPYL,10x,5,0.43315956,0.0
3241,GILGFVFTL,10x,5,0.23111069,0.0
1245,RTLNAWVKV,swapped_234,5,0.44120628,0.0
4238,SLLMWITQV,positive,5,0.4500239,1.0
5067,GILGFVFTL,10x,5,0.11069688,0.0
483,GILGFVFTL,10x,5,0.15647955,0.0
3440,GILGFVFTL,10x,5,0.51779217,0.0
1946,GLCTLVAML,10x,5,0.82624876,0.0
38,GILGFVFTL,positive,5,0.28515667,1.0
4962,GILGFVFTL,10x,5,0.35101104,0.0
3773,GILGFVFTL,10x,5,0.19019523,0.0
65,NLVPMVATV,positive,5,0.40725604,1.0
5306,GILGFVFTL,10x,5,0.23325305,0.0
1135,GLCTLVAML,10x,5,0.09336454,0.0
3954,GLCTLVAML,swapped_2851,5,0.049685467,0.0
2257,GILGFVFTL,10x,5,0.14896657,0.0
151,GILGFVFTL,positive,5,0.999382,1.0
1837,RMFPNAPYL,10x,5,0.43684036,0.0
354,GILGFVFTL,positive,5,0.999997,1.0
1498,NLVPMVATV,swapped_60,5,0.058465824,0.0
3266,GILGFVFTL,10x,5,0.294976,0.0
2053,GILGFVFTL,10x,5,0.22249942,0.0
3743,GILGFVFTL,10x,5,0.12698983,0.0
1078,SLLMWITQV,10x,5,0.42459244,0.0
5363,GLCTLVAML,swapped_4312,5,0.000261028,0.0
5071,NLVPMVATV,10x,5,0.30504805,0.0
5696,NLVPMVATV,swapped_4228,5,0.40949947,0.0
1014,GILGFVFTL,10x,5,0.108734936,0.0
4641,GILGFVFTL,10x,5,0.39168215,0.0
3405,GILGFVFTL,10x,5,0.09206012,0.0
3796,GILGFVFTL,10x,5,0.116061725,0.0
4043,GLCTLVAML,swapped_2892,5,0.38217512,0.0
664,GILGFVFTL,10x,5,0.18068862,0.0
5871,GILGFVFTL,positive,5,0.99999535,1.0
1686,FLYALALLL,positive,5,0.19412716,1.0
2090,GILGFVFTL,10x,5,0.1860943,0.0
3106,NLVPMVATV,10x,5,0.007174955,0.0
556,GILGFVFTL,10x,5,0.4065295,0.0
662,GILGFVFTL,10x,5,0.18674399,0.0
3104,RTLNAWVKV,10x,5,0.43673974,0.0
4818,NLVPMVATV,10x,5,0.43656537,0.0
1807,FLYALALLL,positive,5,0.77845293,1.0
3575,GLCTLVAML,10x,5,0.13890992,0.0
2992,GILGFVFTL,positive,5,0.99955124,1.0
2900,GILGFVFTL,positive,5,0.21303666,1.0
5469,NLVPMVATV,swapped_4350,5,0.00034780076,0.0
5115,GILGFVFTL,10x,5,0.094386645,0.0
3055,GILGFVFTL,positive,5,0.9999865,1.0
645,YLLEMLWRL,10x,5,0.42354918,0.0
6162,GILGFVFTL,10x,5,0.8138359,0.0
5624,GLCTLVAML,swapped_4290,5,0.22134273,0.0
235,GILGFVFTL,positive,5,0.99987674,1.0
2482,GLCTLVAML,swapped_1624,5,0.29308987,0.0
2200,KTWGQYWQV,10x,5,0.44457877,0.0
887,GLCTLVAML,10x,5,0.28299588,0.0
5697,GLCTLVAML,swapped_4538,5,0.27808547,0.0
1297,GILGFVFTL,swapped_330,5,0.1815193,0.0
3419,GILGFVFTL,10x,5,0.110678226,0.0
4546,GILGFVFTL,positive,5,0.9999907,1.0
1349,RTLNAWVKV,swapped_121,5,0.43116298,0.0
5544,GLCTLVAML,swapped_4336,5,0.0035372758,0.0
4731,GLCTLVAML,10x,5,0.17154671,0.0
3436,GILGFVFTL,10x,5,0.07647786,0.0
2955,GILGFVFTL,positive,5,0.15470232,1.0
6280,GILGFVFTL,10x,5,0.19485478,0.0
4566,GILGFVFTL,10x,5,0.20960604,0.0
1991,GILGFVFTL,10x,5,0.10668559,0.0
4666,GILGFVFTL,10x,5,0.19152924,0.0
2693,GILGFVFTL,swapped_1759,5,0.08679966,0.0
5102,GILGFVFTL,10x,5,0.13425288,0.0
4699,GLCTLVAML,10x,5,0.16595557,0.0
1963,GLCTLVAML,10x,5,0.0949852,0.0
4538,GILGFVFTL,positive,5,0.23615858,1.0
1672,GILGFVFTL,positive,5,0.99953866,1.0
3765,GILGFVFTL,10x,5,0.64276755,0.0
4644,GILGFVFTL,10x,5,0.17286046,0.0
3922,NLVPMVATV,swapped_2938,5,0.0070523126,0.0
2670,GLCTLVAML,swapped_1623,5,0.00374207,0.0
2001,NLVPMVATV,10x,5,0.42204982,0.0
2798,GILGFVFTL,positive,5,0.99999523,1.0
3642,GILGFVFTL,10x,5,0.10673644,0.0
1788,GILGFVFTL,positive,5,0.99221474,1.0
6563,NLVPMVATV,10x,5,0.42998675,0.0
4222,GILGFVFTL,positive,5,0.99998856,1.0
4214,GILGFVFTL,positive,5,0.99999714,1.0
3988,GILGFVFTL,swapped_3008,5,0.039175835,0.0
4129,GLCTLVAML,swapped_2711,5,0.04308396,0.0
593,FLYALALLL,10x,5,0.67674494,0.0
2122,GILGFVFTL,10x,5,0.17023876,0.0
2730,KTWGQYWQV,positive,5,0.42745465,1.0
4521,GILGFVFTL,positive,5,0.99992466,1.0
5903,GILGFVFTL,positive,5,0.99998033,1.0
5430,NLVPMVATV,swapped_4356,5,4.9934053e-05,0.0
45,GILGFVFTL,positive,5,0.99999535,1.0
5432,RTLNAWVKV,swapped_4515,5,0.024582867,0.0
6306,GILGFVFTL,10x,5,0.18577322,0.0
991,GLCTLVAML,swapped_73,5,0.13029955,0.0
4499,GILGFVFTL,positive,5,0.99997294,1.0
4063,NLVPMVATV,swapped_2901,5,0.4076376,0.0
4960,RTLNAWVKV,10x,5,0.43740714,0.0
6696,GLCTLVAML,swapped_5707,5,0.00023851372,0.0
1911,GILGFVFTL,10x,5,0.7548306,0.0
6036,FLYALALLL,10x,5,0.170274,0.0
2170,GILGFVFTL,10x,5,0.20676889,0.0
6353,GILGFVFTL,10x,5,0.48340833,0.0
4874,GILGFVFTL,10x,5,0.120211035,0.0
2329,NLVPMVATV,10x,5,0.38296962,0.0
6336,GLCTLVAML,10x,5,0.08295772,0.0
6368,NLVPMVATV,10x,5,0.41192034,0.0
5347,GILGFVFTL,swapped_4236,5,0.69170016,0.0
2469,MLDLQPETT,swapped_1726,5,0.439372,0.0
5540,GILGFVFTL,swapped_4512,5,0.05010681,0.0
514,GILGFVFTL,10x,5,0.24254091,0.0
1600,GILGFVFTL,positive,5,0.120331705,1.0
6016,GILGFVFTL,10x,5,0.115821324,0.0
6257,GILGFVFTL,10x,5,0.80307966,0.0
2253,GILGFVFTL,10x,5,0.037197523,0.0
3253,GILGFVFTL,10x,5,0.21679579,0.0
1960,GILGFVFTL,10x,5,0.099220365,0.0
5040,GLCTLVAML,10x,5,0.3981987,0.0
3948,GILGFVFTL,swapped_2699,5,0.05273609,0.0
4687,RTLNAWVKV,10x,5,0.43617448,0.0
3791,GILGFVFTL,10x,5,0.18187922,0.0
2793,GILGFVFTL,positive,5,0.9999968,1.0
3702,GLCTLVAML,10x,5,0.21948418,0.0
4898,GILGFVFTL,10x,5,0.25628504,0.0
203,GILGFVFTL,positive,5,0.09746868,1.0
2979,GILGFVFTL,positive,5,0.9999945,1.0
1850,GILGFVFTL,10x,5,0.07382862,0.0
3946,NLVPMVATV,swapped_2798,5,0.00012586868,0.0
812,GILGFVFTL,10x,5,0.11003494,0.0
5594,GILGFVFTL,swapped_4223,5,0.80969286,0.0
379,GILGFVFTL,positive,5,0.99909616,1.0
5720,GILGFVFTL,positive,5,0.19082451,1.0
4356,GILGFVFTL,positive,5,0.9999975,1.0
5456,NLVPMVATV,swapped_4180,5,4.1746e-05,0.0
3985,KTWGQYWQV,swapped_2945,5,0.12851876,0.0
4413,GILGFVFTL,positive,5,0.9999951,1.0
2529,GLCTLVAML,swapped_1773,5,0.20877063,0.0
6668,GLCTLVAML,swapped_5862,5,0.33782652,0.0
4131,KTWGQYWQV,swapped_2811,5,0.0015759539,0.0
4873,NLVPMVATV,10x,5,0.40826437,0.0
2613,LLFGYPVYV,swapped_1679,5,0.014914271,0.0
5740,GLCTLVAML,positive,5,0.08528674,1.0
6889,YLLEMLWRL,swapped_5969,5,0.04603048,0.0
5439,RMFPNAPYL,swapped_4365,5,0.43738738,0.0
2524,GILGFVFTL,swapped_1723,5,0.78588015,0.0
3779,GILGFVFTL,10x,5,0.3906358,0.0
5216,GILGFVFTL,10x,5,0.18720523,0.0
6771,GILGFVFTL,swapped_5876,5,0.15963788,0.0
3825,GLCTLVAML,swapped_2695,5,0.013680518,0.0
2269,GILGFVFTL,10x,5,0.29676434,0.0
6609,GILGFVFTL,10x,5,0.87782544,0.0
5930,NLVPMVATV,positive,5,0.45069852,1.0
3225,GILGFVFTL,10x,5,0.214943,0.0
4722,GILGFVFTL,10x,5,0.25270015,0.0
4882,GILGFVFTL,10x,5,0.15323275,0.0
4505,GLCTLVAML,positive,5,0.9653953,1.0
3538,GILGFVFTL,10x,5,0.16337632,0.0
4703,NLVPMVATV,10x,5,0.40161693,0.0
785,GLCTLVAML,10x,5,0.04293564,0.0
2159,GILGFVFTL,10x,5,0.16234814,0.0
3151,GILGFVFTL,10x,5,0.2784485,0.0
5906,GILGFVFTL,positive,5,0.9896904,1.0
5243,MLDLQPETT,10x,5,0.43993515,0.0
4915,GILGFVFTL,10x,5,0.46209794,0.0
210,GLCTLVAML,positive,5,0.74490243,1.0
3591,NLVPMVATV,10x,5,0.43153146,0.0
3812,GLCTLVAML,swapped_3039,5,0.0035448794,0.0
5882,SLLMWITQV,positive,5,0.047410138,1.0
2443,SLLMWITQV,swapped_1700,5,0.041405734,0.0
1244,NLVPMVATV,swapped_150,5,0.00059333595,0.0
5038,GILGFVFTL,10x,5,0.149988,0.0
3706,GILGFVFTL,10x,5,0.76698965,0.0
5398,GILGFVFTL,swapped_4268,5,0.04816386,0.0
5096,NLVPMVATV,10x,5,0.07277545,0.0
2763,GILGFVFTL,positive,5,0.99997365,1.0
5629,GLCTLVAML,swapped_4536,5,0.9325247,0.0
4610,GILGFVFTL,10x,5,0.08479275,0.0
2460,NLVPMVATV,swapped_1776,5,0.43599853,0.0
4170,NLVPMVATV,swapped_2900,5,0.40900406,0.0
3368,LLFGYPVYV,10x,5,0.42611372,0.0
1220,NLVPMVATV,swapped_196,5,0.027709065,0.0
3647,NLVPMVATV,10x,5,0.35329685,0.0
6100,GILGFVFTL,10x,5,0.13230555,0.0
551,GILGFVFTL,10x,5,0.32777554,0.0
3252,GLCTLVAML,10x,5,0.09904828,0.0
393,GLCTLVAML,10x,5,0.28051856,0.0
2349,GILGFVFTL,10x,5,0.2982394,0.0
1970,GILGFVFTL,10x,5,0.32511535,0.0
1431,FLYALALLL,swapped_362,5,0.14818889,0.0
2509,GILGFVFTL,swapped_1736,5,0.075732306,0.0
2781,GILGFVFTL,positive,5,0.9999685,1.0
6128,GILGFVFTL,10x,5,0.22032036,0.0
6104,GILGFVFTL,10x,5,0.99984777,0.0
1258,NLVPMVATV,swapped_92,5,0.008876702,0.0
4771,GILGFVFTL,10x,5,0.101430096,0.0
6156,GILGFVFTL,10x,5,0.122723676,0.0
1289,NLVPMVATV,swapped_187,5,0.015829865,0.0
1429,MLDLQPETT,swapped_45,5,0.00013754192,0.0
4024,GLCTLVAML,swapped_2955,5,0.17934197,0.0
5769,GILGFVFTL,positive,5,0.9997435,1.0
3192,GILGFVFTL,10x,5,0.1523576,0.0
5479,GILGFVFTL,swapped_4342,5,0.030598998,0.0
4274,KTWGQYWQV,positive,5,0.44402122,1.0
918,GILGFVFTL,10x,5,0.11747777,0.0
2398,RMFPNAPYL,10x,5,0.43796727,0.0
801,GILGFVFTL,10x,5,0.16980357,0.0
1322,GILGFVFTL,swapped_344,5,0.033660542,0.0
1416,LLFGYPVYV,swapped_19,5,0.07532946,0.0
4599,GLCTLVAML,10x,5,0.73251027,0.0
4464,NLVPMVATV,positive,5,0.37084383,1.0
2588,GILGFVFTL,swapped_1739,5,0.03555106,0.0
911,GILGFVFTL,10x,5,0.13067196,0.0
5452,NLVPMVATV,swapped_4219,5,0.10334431,0.0
5508,NLVPMVATV,swapped_4375,5,3.7416252e-05,0.0
92,GILGFVFTL,positive,5,0.9995258,1.0
4535,GLCTLVAML,positive,5,0.9405738,1.0
5870,GILGFVFTL,positive,5,0.99999785,1.0
1324,MLDLQPETT,swapped_379,5,0.012596153,0.0
1474,NLVPMVATV,swapped_21,5,0.0044474,0.0
565,GILGFVFTL,10x,5,0.9965132,0.0
526,GILGFVFTL,10x,5,0.1856068,0.0
6236,NLVPMVATV,10x,5,0.41157484,0.0
3008,GLCTLVAML,positive,5,0.9731909,1.0
2045,GILGFVFTL,10x,5,0.17550254,0.0
3140,GLCTLVAML,10x,5,0.239748,0.0
166,GLCTLVAML,positive,5,0.32286072,1.0
709,GILGFVFTL,10x,5,0.08528614,0.0
3135,GILGFVFTL,10x,5,0.7544878,0.0
3741,GLCTLVAML,10x,5,0.05015922,0.0
6244,GILGFVFTL,10x,5,0.11331108,0.0
3100,GILGFVFTL,10x,5,0.17322758,0.0
6063,RTLNAWVKV,10x,5,0.43572423,0.0
861,GILGFVFTL,10x,5,0.2618463,0.0
1001,GILGFVFTL,10x,5,0.15705632,0.0
283,GILGFVFTL,positive,5,0.9999851,1.0
1387,NLVPMVATV,swapped_96,5,0.31465766,0.0
2725,GILGFVFTL,positive,5,0.9998305,1.0
4163,NLVPMVATV,swapped_2801,5,0.000732107,0.0
2699,GLCTLVAML,positive,5,0.9636909,1.0
3624,IMDQVPFSV,10x,5,0.4413496,0.0
5529,RTLNAWVKV,swapped_4321,5,0.0005234233,0.0
6639,GLCTLVAML,swapped_5732,5,0.0022576076,0.0
576,GILGFVFTL,10x,5,0.08791014,0.0
3361,GLCTLVAML,10x,5,0.18296166,0.0
3489,GILGFVFTL,10x,5,0.17926633,0.0
3882,GLCTLVAML,swapped_2895,5,2.441734e-05,0.0
5862,GILGFVFTL,positive,5,0.08200141,1.0
1736,NLVPMVATV,positive,5,0.50554913,1.0
2846,GILGFVFTL,positive,5,0.99995303,1.0
1709,GILGFVFTL,positive,5,0.99862075,1.0
1992,GILGFVFTL,10x,5,0.21880095,0.0
4716,GLCTLVAML,10x,5,0.13738428,0.0
3160,RMFPNAPYL,10x,5,0.44009274,0.0
4705,GILGFVFTL,10x,5,0.08293681,0.0
1914,GILGFVFTL,10x,5,0.17514785,0.0
949,GILGFVFTL,10x,5,0.14024231,0.0
763,GILGFVFTL,10x,5,0.07206253,0.0
5004,GILGFVFTL,10x,5,0.7887591,0.0
2662,YLLEMLWRL,swapped_1554,5,0.0015906777,0.0
1749,GILGFVFTL,positive,5,0.9650213,1.0
241,GILGFVFTL,positive,5,0.9998307,1.0
1623,GILGFVFTL,positive,5,0.99750215,1.0
2467,GLCTLVAML,swapped_1742,5,7.3450124e-06,0.0
3430,GLCTLVAML,10x,5,0.2794191,0.0
1370,KVAELVHFL,swapped_323,5,0.3726157,0.0
667,LLFGYPVYV,10x,5,0.438464,0.0
6700,GLCTLVAML,swapped_5965,5,8.337415e-05,0.0
1145,GLCTLVAML,swapped_336,5,6.496737e-05,0.0
2698,GILGFVFTL,positive,5,0.15315369,1.0
6001,GLCTLVAML,positive,5,0.39026892,1.0
1627,GILGFVFTL,positive,5,0.999982,1.0
3523,GILGFVFTL,10x,5,0.095515,0.0
869,GILGFVFTL,10x,5,0.19004071,0.0
2492,KTWGQYWQV,swapped_1709,5,0.012954201,0.0
3326,GILGFVFTL,10x,5,0.122088626,0.0
6518,GILGFVFTL,10x,5,0.16467051,0.0
485,GILGFVFTL,10x,5,0.16390106,0.0
3294,GILGFVFTL,10x,5,0.15966389,0.0
272,GILGFVFTL,positive,5,0.8812111,1.0
1737,NLVPMVATV,positive,5,0.37639078,1.0
4205,GILGFVFTL,positive,5,0.7527661,1.0
1926,KTWGQYWQV,10x,5,0.44494677,0.0
4041,NLVPMVATV,swapped_2799,5,0.07286792,0.0
4396,NLVPMVATV,positive,5,0.367601,1.0
4360,GILGFVFTL,positive,5,0.99975306,1.0
671,GILGFVFTL,10x,5,0.28151074,0.0
1210,GILGFVFTL,swapped_339,5,0.033380646,0.0
4919,GILGFVFTL,10x,5,0.2061284,0.0
3914,GLCTLVAML,swapped_2882,5,0.0002604813,0.0
4168,GILGFVFTL,swapped_2897,5,0.12052678,0.0
4721,GILGFVFTL,10x,5,0.19298124,0.0
2962,GILGFVFTL,positive,5,0.9997875,1.0
